0 0 3 0 0 0 0 8 0 0 0 0 4 0 0 0 0 7 3 0 0 1 11 2 0
0 0 5 0 0 0 0 12 0 0 0 6 22 0 0 0 3 10 0 0 0 8 15 0 0
5 0 3 0 0 7 6 10 0 0 13 9 10 0 0 8 10 7 0 0 6 5 6 0 0
0 0 3 0 0 0 0 8 1 0 0 0 9 3 0 0 1 6 0 0 0 0 4 1 0
0 0 5 0 0 0 4 8 0 0 0 2 5 3 0 0 1 6 4 2 0 0 8 5 0
0 1 5 0 0 5 6 5 0 0 0 0 3 1 0 0 0 15 0 0 1 10 5 0 0
0 0 3 0 0 0 0 6 0 0 0 1 5 1 0 0 0 11 1 0 0 0 7 2 0
0 0 3 0 0 0 0 4 1 0 0 0 5 0 0 0 0 4 0 0 0 0 12 0 0
0 0 3 0 0 0 0 6 0 0 0 0 4 4 0 0 0 11 4 0 0 0 22 0 0
0 0 3 0 0 0 0 4 0 0 3 20 5 0 0 11 4 9 3 0 4 4 12 0 0
0 0 5 0 0 0 0 8 0 0 0 0 10 0 0 0 0 7 0 0 0 0 7 1 0
0 0 5 0 0 0 0 8 0 0 0 2 16 0 0 0 5 15 2 0 0 15 8 0 0
0 0 3 0 0 0 0 4 5 2 0 0 5 0 0 0 0 6 0 0 0 0 6 0 0
0 0 3 0 0 0 0 5 0 0 0 0 6 0 0 0 0 6 1 0 0 0 9 5 0
0 2 9 0 0 0 2 7 0 0 1 5 15 0 0 0 2 8 0 0 0 0 7 0 0
0 0 11 0 0 0 6 13 3 0 0 3 10 1 0 0 1 6 3 0 0 5 9 6 5
0 0 5 0 0 2 1 8 0 0 13 17 8 0 0 5 12 10 0 0 0 2 5 0 0
0 0 15 0 0 0 4 6 0 0 0 2 5 1 0 0 0 3 0 0 6 7 5 0 0
0 0 3 0 0 0 0 5 0 1 0 0 15 6 4 0 2 10 1 2 0 0 8 0 0
0 1 15 0 0 0 0 8 0 0 0 0 10 9 0 0 1 7 10 1 4 18 14 5 13
0 1 13 0 0 0 0 6 0 0 0 1 8 0 0 0 7 6 5 0 0 0 5 2 0
0 1 3 0 0 0 0 5 1 0 0 1 6 6 1 0 0 8 4 1 0 0 18 0 0
0 0 3 0 0 0 0 27 0 0 0 0 13 4 0 0 1 7 0 0 5 7 6 0 0
0 0 11 0 0 0 0 12 0 0 0 4 9 7 3 0 6 7 7 13 0 0 9 9 10
0 0 3 0 0 0 0 10 0 0 0 0 8 4 0 0 2 7 4 1 0 0 8 2 7
0 0 3 0 0 0 0 7 3 0 0 0 9 0 0 0 3 10 0 0 1 6 11 3 0
0 0 3 0 0 0 0 23 3 0 0 1 10 7 3 0 0 7 0 11 0 4 7 3 5
0 0 5 0 0 4 6 8 0 0 10 1 15 0 0 1 1 9 1 0 0 0 15 1 0
0 1 13 0 0 0 0 6 0 0 0 0 4 0 0 0 1 5 1 0 0 0 9 1 0
0 0 5 0 0 0 2 8 0 0 3 11 6 0 0 6 0 12 2 0 8 4 8 0 0
0 0 3 0 0 0 0 5 19 5 0 1 4 0 0 0 4 8 0 0 0 2 6 1 0
0 1 3 0 0 0 0 7 3 0 0 0 9 6 3 0 0 6 2 9 0 0 6 0 0
0 0 5 0 0 0 1 6 0 0 0 0 4 1 0 0 0 13 0 0 0 9 12 0 0
0 0 5 0 0 0 1 5 0 0 0 0 4 1 0 0 2 10 0 0 0 15 11 0 0
0 0 5 0 0 0 1 4 0 0 0 0 5 0 0 0 1 10 0 0 0 1 13 0 0
0 1 3 0 0 0 0 3 1 0 0 1 5 0 0 0 1 14 1 0 0 0 10 0 0
0 1 3 0 0 0 0 5 0 0 0 0 6 1 0 0 1 4 0 0 0 0 10 1 0
3 12 15 0 0 6 4 9 5 0 21 5 6 4 2 12 5 10 0 0 7 4 15 0 0
0 0 9 0 0 4 16 15 0 0 2 8 12 0 0 0 5 5 0 0 0 1 12 0 0
0 0 5 0 0 0 0 10 0 0 0 6 7 1 0 0 2 5 1 0 0 4 8 1 0
0 0 3 0 0 0 1 4 5 4 0 0 5 1 4 0 0 8 0 0 0 0 12 1 0
0 0 3 0 0 0 0 25 0 0 0 1 19 3 0 1 11 7 0 0 0 0 4 0 0
0 0 9 0 0 0 1 10 0 0 0 1 4 0 0 0 0 7 0 0 0 0 8 2 0
0 0 3 0 0 0 1 12 0 0 0 0 12 2 0 5 4 9 5 0 7 2 5 0 0
6 1 7 0 0 9 11 10 0 0 9 9 6 0 0 21 16 9 0 0 10 0 12 2 0
0 0 5 0 0 0 0 8 0 0 0 0 6 0 0 0 1 5 5 6 0 1 3 0 0
0 0 3 0 0 0 0 7 0 0 0 0 6 0 0 0 0 8 0 0 0 0 10 0 0
0 0 3 0 0 0 0 5 1 0 0 1 4 1 0 0 1 5 0 0 0 0 4 1 0
0 0 5 0 0 0 2 11 0 0 21 7 9 0 0 18 4 12 0 0 18 11 7 0 0
0 1 3 0 0 0 0 5 0 0 0 1 8 0 0 6 5 7 0 0 3 5 4 0 0
