45 45 10.3067 45 45 45 45 22.1671 45 45 45 45 27.7423 45 45 45 45 43.3175 37.0825 45 45 27.5052 51.165 59.5067 45 5 5 5 5 5 5 5 4 5 5 5 5 3 5 5 5 5 4 4 5 5 6 3 7 5 30 30 38.3644 30 30 30 30 19.849 30 30 30 30 45.3329 30 30 30 30 39.4966 24.7819 30 30 13.8948 17.6994 13.462 30
45 45 59.3175 45 45 45 45 14.8583 45 45 45 23.0264 40.5125 45 45 45 38.2858 46.1042 45 45 45 29.889 63.8016 45 45 5 5 4 5 5 5 5 7 5 5 5 6 7 5 5 5 4 4 5 5 5 4 5 5 5 30 30 27.3238 30 30 30 30 16.9688 30 30 30 30.9514 17.0932 30 30 30 43.3812 19.9101 30 30 30 12.3987 14.5293 30 30
53.0995 45 68.545 45 45 47.0841 70.3009 31.8732 45 45 36.2055 51.0995 72.3208 45 45 65.4463 31.8263 16.474 45 45 38.3646 73.1917 58.5675 45 45 3 5 4 5 5 6 7 3 5 5 4 7 7 5 5 3 7 4 5 5 4 6 4 5 5 27.3782 30 31.5655 30 30 40.2103 27.1754 15.1067 30 30 12.4427 39.3644 38.6222 30 30 21.7751 21.4529 17.3324 30 30 30.662 11.1629 26.3984 30 30
45 45 35.5089 45 45 45 45 43.3652 79.3122 45 45 45 38.7932 47.4276 45 45 41.5534 49.612 45 45 45 45 11.258 44.6203 45 5 5 5 5 5 5 5 6 7 5 5 5 4 5 5 5 7 3 5 5 5 5 7 7 5 30 30 35.7077 30 30 30 30 34.7573 25.3703 30 30 30 18.2165 25.4102 30 30 49.179 43.3152 30 30 30 30 42.3564 29.1454 30
45 45 54.4712 45 45 45 37.2068 44.2993 45 45 45 44.2406 41.3928 39.7324 45 45 21.957 34.4492 30.4723 24.0305 45 45 14.1545 49.8734 45 5 5 6 5 5 5 5 6 5 5 5 3 7 7 5 5 7 7 7 3 5 5 4 4 5 30 30 24.8751 30 30 30 23.1767 24.5519 30 30 30 26.5249 49.8331 46.1179 30 30 29.9204 11.2143 46.9977 45.6958 30 30 44.5544 17.236 30
45 71.9949 64.8017 45 45 17.563 78.3567 79.0001 45 45 45 45 53.9839 10.1562 45 45 45 65.8173 45 45 40.3953 62.5867 67.8194 45 45 5 7 6 5 5 5 4 7 5 5 5 5 6 3 5 5 5 6 5 5 7 4 6 5 5 30 17.3135 22.487 30 30 32.3944 34.1447 42.1269 30 30 30 30 38.0818 48.216 30 30 30 10.3143 30 30 27.8023 16.9713 35.5996 30 30
45 45 13.912 45 45 45 45 71.4406 45 45 45 30.1895 78.4356 17.6796 45 45 45 30.4574 13.3366 45 45 45 47.6346 67.1482 45 5 5 7 5 5 5 5 6 5 5 5 6 5 6 5 5 5 6 5 5 5 5 4 3 5 30 30 37.6776 30 30 30 30 27.8331 30 30 30 47.3441 32.2791 31.7734 30 30 30 20.6761 30.2738 30 30 30 36.9356 34.346 30
45 45 22.4067 45 45 45 45 78.9844 47.7581 45 45 45 44.0503 45 45 45 45 10.1181 45 45 45 45 48.0869 45 45 5 5 6 5 5 5 5 5 3 5 5 5 4 5 5 5 5 6 5 5 5 5 6 5 5 30 30 48.9142 30 30 30 30 46.7805 31.4843 30 30 30 34.1183 30 30 30 30 27.837 30 30 30 30 28.7988 30 30
45 45 16.1664 45 45 45 45 36.1739 45 45 45 45 54.589 14.4302 45 45 45 37.1575 43.8926 45 45 45 27.1481 45 45 5 5 6 5 5 5 5 4 5 5 5 5 6 6 5 5 5 3 3 5 5 5 7 5 5 30 30 31.0056 30 30 30 30 39.6818 30 30 30 30 48.9206 20.4326 30 30 30 11.3793 31.4229 30 30 30 13.4525 30 30
45 45 30.0572 45 45 45 45 53.4777 45 45 43.8489 46.4063 64.4756 45 45 36.0875 62.4306 60.5634 29.8082 45 60.9639 79.6682 49.8318 45 45 5 5 3 5 5 5 5 3 5 5 5 5 5 5 5 6 4 6 6 5 3 3 7 5 5 30 30 47.3674 30 30 30 30 34.1365 30 30 26.3754 11.4579 34.4134 30 30 41.741 19.2481 20.3317 39.5396 30 37.5183 23.9909 17.8472 30 30
45 45 65.6236 45 45 45 45 10.4295 45 45 45 45 58.5333 45 45 45 45 58.6013 45 45 45 45 31.8674 30.5326 45 5 5 7 5 5 5 5 7 5 5 5 5 6 5 5 5 5 3 5 5 5 5 5 6 5 30 30 29.1343 30 30 30 30 24.2615 30 30 30 30 24.2936 30 30 30 30 20.5487 30 30 30 30 47.3232 36.9266 30
45 45 31.12 45 45 45 45 17.0884 45 45 45 13.4527 30.8013 45 45 45 60.6974 37.2429 20.8322 45 45 32.7899 55.5784 45 45 5 5 4 5 5 5 5 6 5 5 5 4 7 5 5 5 3 6 3 5 5 6 4 5 5 30 30 23.0529 30 30 30 30 30.9984 30 30 30 35.911 29.1154 30 30 30 33.82 43.5448 23.0528 30 30 21.8641 21.7025 30 30
45 45 12.2271 45 45 45 45 75.1641 65.4784 41.4909 45 45 36.2361 45 45 45 45 46.0706 45 45 45 45 17.4108 45 45 5 5 5 5 5 5 5 6 6 5 5 5 6 5 5 5 5 4 5 5 5 5 4 5 5 30 30 37.849 30 30 30 30 48.586 29.7812 46.2679 30 30 46.2062 30 30 30 30 18.8952 30 30 30 30 45.8214 30 30
45 45 54.0172 45 45 45 45 49.0213 45 45 45 45 11.0473 45 45 45 45 44.1094 37.1941 45 45 45 51.6334 70.5502 45 5 5 7 5 5 5 5 4 5 5 5 5 3 5 5 5 5 7 5 5 5 5 5 4 5 30 30 30.3054 30 30 30 30 38.0197 30 30 30 30 39.0529 30 30 30 30 28.5544 36.233 30 30 30 22.5007 42.6662 30
45 61.1726 74.4075 45 45 45 73.6053 67.1819 45 45 76.1439 22.2942 65.2401 45 45 45 59.568 68.1601 45 45 45 45 60.9264 45 45 5 5 7 5 5 5 7 4 5 5 6 5 7 5 5 5 6 5 5 5 5 5 3 5 5 30 40.4005 15.9925 30 30 30 42.4083 22.102 30 30 36.29 30.1129 13.1905 30 30 30 16.0605 31.123 30 30 30 30 23.6742 30 30
45 45 41.0147 45 45 45 25.0422 48.3621 70.2887 45 45 48.1883 52.0554 59.3943 45 45 76.1696 48.9351 44.5976 45 45 25.2936 76.9493 23.396 25.9559 5 5 6 5 5 5 3 7 6 5 5 3 6 7 5 5 3 7 6 5 5 5 3 4 3 30 30 14.5684 30 30 30 36.3189 33.7826 25.0848 30 30 39.1073 34.7117 35.7617 30 30 20.0961 48.7245 31.1039 30 30 18.6946 16.2205 15.5404 39.6216
45 45 59.4809 45 45 60.0024 20.8768 56.5303 45 45 29.61 42.5041 34.2914 45 45 14.3233 14.5319 76.0189 45 45 45 58.5957 53.4949 45 45 5 5 6 5 5 5 6 5 5 5 7 5 7 5 5 5 3 7 5 5 5 7 5 5 5 30 30 27.0363 30 30 44.0259 22.89 18.9098 30 30 43.9485 13.4203 44.5672 30 30 13.0424 12.5393 20.3187 30 30 30 32.1212 37.1705 30 30
45 45 43.6907 45 45 45 38.991 72.3604 45 45 45 60.9959 79.3949 53.28 45 45 45 53.3571 45 45 58.4459 40.4243 64.4397 45 45 5 5 6 5 5 5 4 5 5 5 5 5 5 4 5 5 5 3 5 5 4 3 6 5 5 30 30 10.8794 30 30 30 14.0661 31.9651 30 30 30 20.76 41.6303 26.0357 30 30 30 35.9567 30 30 15.0915 19.088 43.6338 30 30
45 45 45.5363 45 45 45 45 66.1408 45 65.8879 45 45 69.8641 76.6914 22.7031 45 37.0575 37.5111 30.8872 73.4656 45 45 22.5316 45 45 5 5 5 5 5 5 5 3 5 6 5 5 7 6 7 5 6 3 6 5 5 5 4 5 5 30 30 34.7649 30 30 30 30 28.8119 30 20.4818 30 30 15.262 49.882 19.8921 30 18.4551 18.9987 20.0245 24.3088 30 30 25.717 30 30
45 54.6734 66.0463 45 45 45 45 26.0767 45 45 45 45 58.5373 41.9253 45 45 44.623 77.6841 73.7524 58.1871 75.4507 57.2349 64.1119 64.7397 22.0457 5 5 3 5 5 5 5 4 5 5 5 5 3 5 5 5 7 3 3 4 7 6 6 4 6 30 35.0729 11.9851 30 30 30 30 28.6155 30 30 30 30 48.7333 13.187 30 30 11.014 24.682 39.8664 11.3339 14.556 10.432 23.83 45.1962 17.2357
45 39.9264 65.6965 45 45 45 45 16.0748 45 45 45 74.0818 41.4585 45 45 45 50.1614 55.5345 52.1623 45 45 45 16.7536 57.4992 45 5 5 5 5 5 5 5 4 5 5 5 7 5 5 5 5 4 6 5 5 5 5 5 5 5 30 11.9626 12.5733 30 30 30 30 43.8428 30 30 30 37.2953 23.8619 30 30 30 20.2981 46.1239 24.2682 30 30 30 49.1136 21.8337 30
45 79.0758 73.0046 45 45 45 45 45.8966 65.59 45 45 74.4572 78.1827 59.5763 74.6936 45 45 17.3718 39.6887 56.235 45 45 27.1506 45 45 5 5 6 5 5 5 5 3 4 5 5 7 7 6 5 5 5 4 4 5 5 5 7 5 5 30 16.6042 34.6091 30 30 30 30 48.2668 13.485 30 30 47.6149 23.8099 17.8823 36.2214 30 30 19.2095 18.406 39.4073 30 30 11.4871 30 30
45 45 55.2883 45 45 45 45 26.6299 45 45 45 45 54.2781 48.0967 45 45 12.7275 52.4663 45 45 23.913 14.1114 19.1986 45 45 5 5 5 5 5 5 5 7 5 5 5 5 4 3 5 5 4 4 5 5 6 6 3 5 5 30 30 32.8953 30 30 30 30 11.3765 30 30 30 30 22.022 25.7253 30 30 34.8812 30.5208 30 30 26.9794 35.5094 26.0799 30 30
45 45 24.6866 45 45 45 45 42.5364 45 45 45 45.4335 36.7689 11.3344 75.4429 45 74.4411 30.7818 41.0968 64.575 45 45 12.0365 10.9882 57.5197 5 5 3 5 5 5 5 3 5 5 5 3 5 6 6 5 3 7 3 6 5 5 6 6 4 30 30 14.9712 30 30 30 30 24.4397 30 30 30 39.8374 28.1667 37.1909 19.1973 30 16.9019 47.1727 38.3656 27.234 30 30 11.7377 39.9715 30.3681
45 45 28.0316 45 45 45 45 25.6733 45 45 45 45 13.9927 49.4871 45 45 22.9266 69.0659 33.6397 34.0872 45 45 17.3023 30.6546 20.5431 5 5 3 5 5 5 5 7 5 5 5 5 7 5 5 5 6 7 3 5 5 5 7 4 6 30 30 36.8463 30 30 30 30 23.8942 30 30 30 30 39.2803 46.6701 30 30 48.8569 48.8129 46.5028 28.1765 30 30 27.0015 43.5577 31.1456
45 45 30.9285 45 45 45 45 67.6717 61.7846 45 45 45 24.8151 45 45 45 48.5595 14.8793 45 45 50.8448 44.8452 55.6346 40.3591 45 5 5 6 5 5 5 5 7 6 5 5 5 7 5 5 5 5 6 5 5 7 7 7 6 5 30 30 31.1972 30 30 30 30 32.3415 15.7953 30 30 30 21.8718 30 30 30 29.9661 28.7934 30 30 15.1533 49.6524 29.5609 13.6514 30
45 45 56.0585 45 45 45 45 45.7991 25.7186 45 45 43.786 52.6403 19.3466 28.6704 45 45 24.8142 45 32.0375 45 51.1844 63.0778 39.5913 33.6763 5 5 4 5 5 5 5 7 6 5 5 5 5 3 7 5 5 6 5 7 5 6 7 3 6 30 30 36.8142 30 30 30 30 10.6464 49.2878 30 30 25.3439 31.624 32.9327 25.2218 30 30 45.9876 30 19.8662 30 41.797 36.3805 46.9038 11.3606
45 45 46.0887 45 45 73.7334 77.4919 72.9585 45 45 58.6141 58.2632 16.7703 45 45 23.8864 63.4565 52.3962 51.1064 45 45 45 33.2885 10.9764 45 5 5 6 5 5 7 6 7 5 5 5 3 7 5 5 7 4 4 5 5 5 5 6 7 5 30 30 26.3407 30 30 46.7598 37.9879 21.4321 30 30 10.3167 45.2412 11.8261 30 30 40.3838 27.1022 42.8428 19.339 30 30 30 10.5004 30.2934 30
45 47.2183 68.2079 45 45 45 45 48.5271 45 45 45 45 31.6233 45 45 45 39.6646 78.2842 35.8304 45 45 45 37.7887 56.5233 45 5 5 7 5 5 5 5 4 5 5 5 5 5 5 5 5 7 4 4 5 5 5 7 3 5 30 33.1572 13.2352 30 30 30 30 36.5982 30 30 30 30 41.2374 30 30 30 25.5145 45.0974 17.8736 30 30 30 15.389 11.9728 30
45 45 39.6198 45 45 45 39.9764 45.157 45 45 11.5558 61.4125 66.4996 45 45 59.7427 45 74.4968 78.864 45 46.8766 69.5054 45.4783 45 45 5 5 4 5 5 5 6 7 5 5 4 4 6 5 5 5 5 7 3 5 3 6 7 5 5 30 30 26.5498 30 30 30 24.3635 34.7427 30 30 46.1203 12.9337 30.5999 30 30 42.0281 30 13.3421 26.9746 30 48.6057 13.0258 32.62 30 30
45 45 50.6971 45 45 45 45 73.4009 66.2926 16.1004 45 32.8389 27.5707 45 45 45 43.2323 43.9029 45 45 45 60.6165 53.0256 64.7281 45 5 5 5 5 5 5 5 6 7 4 5 4 3 5 5 5 3 5 5 5 5 5 4 7 5 30 30 33.1949 30 30 30 30 49.0489 10.0926 25.4336 30 44.0771 25.6099 30 30 30 35.631 34.6116 30 30 30 40.2399 40.0278 30.5036 30
45 27.2941 77.0263 45 45 45 45 42.3463 11.8759 45 45 45 62.9804 20.8172 28.5575 45 45 64.2667 51.5623 40.2394 45 45 57.3887 45 45 5 5 5 5 5 5 5 7 4 5 5 5 3 7 7 5 5 3 7 6 5 5 3 5 5 30 25.7649 33.5481 30 30 30 30 31.8688 35.3605 30 30 30 24.3461 39.1171 40.5326 30 30 29.1069 22.878 10.5716 30 30 35.898 30 30
45 45 31.9029 45 45 45 75.4594 47.7477 45 45 45 45 41.3642 20.9895 45 45 45 11.2885 45 45 45 51.0055 45.1776 45 45 5 5 6 5 5 5 3 3 5 5 5 5 4 3 5 5 5 5 5 5 5 6 7 5 5 30 30 21.1033 30 30 30 40.8403 45.2107 30 30 30 30 27.9951 14.1236 30 30 30 19.1366 30 30 30 16.4844 32.152 30 30
45 45 54.0177 45 45 45 26.9456 76.09 45 45 45 45 22.3254 40.4544 45 45 41.3828 55.1786 45 45 45 15.6387 56.6689 45 45 5 5 6 5 5 5 5 5 5 5 5 5 7 7 5 5 7 4 5 5 5 7 7 5 5 30 30 22.6554 30 30 30 16.4542 47.7218 30 30 30 30 43.2313 32.54 30 30 33.8955 21.9796 30 30 30 24.153 20.06 30 30
45 45 11.9472 45 45 45 22.2082 50.1642 45 45 45 45 16.7766 45 45 45 35.3361 61.0043 45 45 45 15.5889 58.4601 45 45 5 5 6 5 5 5 3 5 5 5 5 5 5 5 5 5 4 4 5 5 5 7 4 5 5 30 30 25.4002 30 30 30 46.7289 45.0878 30 30 30 30 36.855 30 30 30 40.7315 30.0856 30 30 30 23.8666 16.6848 30 30
45 66.4427 68.8081 45 45 45 45 53.5147 60.7698 45 45 34.1832 56.9316 45 45 45 55.2629 66.7691 72.3059 45 45 45 24.6089 45 45 5 7 7 5 5 5 5 5 6 5 5 4 4 5 5 5 7 5 7 5 5 5 5 5 5 30 16.7935 38.0434 30 30 30 30 45.7728 22.5485 30 30 14.9722 39.2447 30 30 30 45.2078 11.4181 36.7614 30 30 30 21.0836 30 30
45 54.5412 62.4813 45 45 45 45 19.3172 45 45 45 45 59.028 28.6085 45 45 74.7749 10.8622 45 45 45 45 62.4631 14.1189 45 5 4 6 5 5 5 5 5 5 5 5 5 3 5 5 5 5 6 5 5 5 5 6 4 5 30 33.7512 38.7484 30 30 30 30 30.5435 30 30 30 30 39.1331 32.6023 30 30 25.4426 27.8665 30 30 30 30 29.3966 31.5055 30
49.2041 73.397 70.0495 45 45 53.1291 47.7547 49.1391 64.9884 45 33.127 53.1783 14.2825 23.7191 46.5044 78.4291 55.112 71.2904 45 45 49.793 72.0632 24.8755 45 45 7 5 4 5 5 5 7 5 3 5 5 5 4 3 4 7 4 4 5 5 4 5 6 5 5 11.4465 11.5983 10.7787 30 30 22.283 39.147 20.0116 36.0261 30 23.8021 40.9233 30.5469 29.712 17.763 24.1171 46.7126 19.5305 30 30 18.6442 35.2614 16.1374 30 30
45 45 59.3024 45 45 55.0784 77.9113 40.9708 45 45 67.3567 75.0952 20.6713 45 45 45 11.9362 59.3311 45 45 45 42.2511 41.1519 45 45 5 5 5 5 5 4 6 7 5 5 4 6 4 5 5 5 4 4 5 5 5 7 7 5 5 30 30 16.7912 30 30 41.7761 21.897 22.3051 30 30 24.8336 15.8547 11.7667 30 30 30 23.7899 48.7304 30 30 30 37.6633 10.0754 30 30
45 45 41.3393 45 45 45 45 38.2156 45 45 45 39.1985 69.242 69.5017 45 45 19.8552 65.5289 34.6254 45 45 66.4243 60.1845 10.5286 45 5 5 6 5 5 5 5 7 5 5 5 6 3 3 5 5 5 3 7 5 5 7 7 5 5 30 30 29.8194 30 30 30 30 16.7526 30 30 30 45.2388 37.4205 43.951 30 30 20.8725 33.1389 43.3772 30 30 34.0597 23.8419 45.7115 30
45 45 51.0695 45 45 45 19.4293 71.3311 41.7651 24.9195 45 45 17.0756 11.9286 41.621 45 45 18.1923 45 45 45 45 30.2586 43.8275 45 5 5 5 5 5 5 7 7 5 4 5 5 7 4 3 5 5 4 5 5 5 5 6 4 5 30 30 44.0878 30 30 30 45.137 42.5292 28.1573 39.6543 30 30 37.6433 49.73 43.7527 30 30 16.6806 30 30 30 30 20.1353 29.405 30
45 45 40.5722 45 45 45 45 20.8746 45 45 45 53.9436 69.6477 27.7014 45 12.5142 72.5369 22.6599 45 45 45 45 28.0515 45 45 5 5 5 5 5 5 5 7 5 5 5 4 5 4 5 7 6 4 5 5 5 5 6 5 5 30 30 32.2662 30 30 30 30 11.6463 30 30 30 16.5358 24.1619 31.8836 30 37.7564 16.8189 43.6363 30 30 30 30 20.434 30 30
45 45 62.3648 45 45 45 13.3598 63.4655 45 45 45 64.186 76.6244 45 45 45 45 14.9633 45 45 45 45 46.0202 77.9697 45 5 5 7 5 5 5 5 4 5 5 5 3 3 5 5 5 5 7 5 5 5 5 4 5 5 30 30 16.6675 30 30 30 10.2973 23.4716 30 30 30 13.7693 47.5025 30 30 30 30 49.1102 30 30 30 30 32.7944 18.6735 30
45 45 58.214 45 45 45 31.8737 22.185 45 45 45 45 24.1234 43.663 45 73.7039 15.6637 60.3589 66.0113 45 40.0216 66.9842 42.5488 45 45 5 5 4 5 5 5 7 7 5 5 5 5 3 6 5 6 7 7 3 5 7 3 4 5 5 30 30 42.6834 30 30 30 12.7495 16.6864 30 30 30 30 28.159 35.5081 30 28.0655 47.6342 28.1809 19.8364 30 46.5827 44.8556 30.5148 30 30
49.002 22.7626 61.3721 45 45 70.7895 78.6218 31.644 45 45 48.0685 53.2398 35.301 45 45 18.9032 53.6656 51.1115 45 45 49.8068 45 78.8796 33.9944 45 5 3 4 5 5 6 7 7 5 5 5 5 3 5 5 5 7 7 5 5 7 5 7 4 5 39.3851 18.9272 19.0537 30 30 22.7438 28.7598 35.1288 30 30 27.4168 23.576 41.2285 30 30 26.8478 10.0128 24.7003 30 30 24.9994 30 15.0423 46.4226 30
45 45 11.0685 45 45 45 45 51.2086 45 45 45 45 66.3848 45 45 45 40.3452 73.4721 17.2223 30.1207 45 66.582 52.4016 45 45 5 5 7 5 5 5 5 4 5 5 5 5 3 5 5 5 5 6 3 4 5 6 4 5 5 30 30 26.796 30 30 30 30 19.0021 30 30 30 30 22.549 30 30 30 23.4422 47.1221 37.3308 30.5637 30 19.4078 29.3995 30 30
45 45 63.0769 45 45 45 45 43.9742 45 45 45 45 31.8467 45 45 45 45 16.1176 45 45 45 45 13.5085 45 45 5 5 7 5 5 5 5 5 5 5 5 5 3 5 5 5 5 5 5 5 5 5 5 5 5 30 30 30.0877 30 30 30 30 23.7662 30 30 30 30 43.0457 30 30 30 30 18.6767 30 30 30 30 24.1721 30 30
45 45 51.6579 45 45 45 45 49.2352 76.9846 45 45 25.2366 77.7037 69.1182 45 45 15.7529 51.2634 45 45 45 45 26.3791 50.8132 45 5 5 7 5 5 5 5 4 6 5 5 6 4 7 5 5 3 4 5 5 5 5 4 5 5 30 30 35.8414 30 30 30 30 40.0669 43.5099 30 30 17.4415 31.1288 25.6135 30 30 30.3305 49.4271 30 30 30 30 37.2206 24.2202 30
45 45 39.7058 45 45 45 26.7159 33.9318 45 45 12.8294 36.0425 14.67 45 45 25.9515 34.2349 19.6786 45 45 20.1986 46.5718 23.3875 45 45 5 5 3 5 5 5 7 4 5 5 5 5 6 5 5 5 5 6 5 5 5 3 6 5 5 30 30 20.5615 30 30 30 15.9027 25.3954 30 30 14.3989 40.1852 27.1899 30 30 16.637 11.274 36.8195 30 30 14.2291 28.6571 45.0219 30 30
45 25.7877 66.5273 45 45 45 45 32.5852 45 45 45 29.819 76.7819 45 45 79.5767 38.0953 71.974 45 45 59.3888 69.4211 28.7254 45 45 5 7 7 5 5 5 5 4 5 5 5 4 4 5 5 4 6 5 5 5 7 6 3 5 5 30 14.507 41.7403 30 30 30 30 27.7266 30 30 30 31.461 16.0557 30 30 37.5259 46.2182 26.5962 30 30 30.8424 15.6902 49.2681 30 30
