0.993641
0.991004
0.935657
0.993791
0.990728
0.995782
0.994768
0.87271
0.993088
0.990946
0.990301
0.991781
0.925314
0.989102
0.991508
0.995083
0.992546
0.925946
0.994669
0.99128
0.992299
0.990918
0.958019
0.993043
0.99256
0.993806
0.989345
0.762429
0.991765
0.993166
0.991869
0.993193
0.92078
0.986953
0.988222
0.990404
0.986707
0.935
0.986745
0.994766
0.989131
0.986119
0.968453
0.990618
0.996376
0.990754
0.986142
0.968284
0.991463
0.994177
0.9915
0.992297
0.511779
0.991995
0.991286
0.991332
0.98852
0.712635
0.993096
0.990516
0.983157
0.984288
0.761123
0.989449
0.991431
0.986425
0.972252
0.790038
0.98347
0.992207
0.979535
0.984972
0.801108
0.981775
0.989895
